-415.93  -142.10  1179.70  -0.44  -3.15  0.00
451.19  -108.56  1341.23  -0.18  3.17  -0.16
-416.14  216.24  1268.63  2.96  0.10  0.06
91.59  -66.49  1018.92  0.30  -3.04  0.34
115.96  -41.20  740.99  0.14  -3.05  0.29
-525.21  32.00  1197.90  2.97  0.08  0.11
-257.23  -302.98  1675.74  -0.47  -3.23  0.03
-54.85  -53.74  1679.82  -0.14  -3.02  -0.30
149.83  76.29  1295.64  2.94  0.03  0.02
-641.93  153.13  1567.57  -0.16  -3.28  -0.19
247.85  25.63  1325.63  -0.02  3.17  -0.30
-248.56  22.69  1089.14  -0.33  -3.28  -0.45
-606.56  -249.33  1536.54  -0.18  -3.25  -0.49
351.69  -80.98  1210.95  -1.03  2.88  -0.07
-406.26  34.46  1331.89  -0.43  -3.14  -0.04
679.22  -72.46  1693.46  0.55  3.20  0.34
395.09  -43.91  1068.14  0.22  3.31  0.47
-704.25  94.50  1653.35  -0.68  -3.44  -0.47
395.99  -234.93  1596.49  -0.01  3.25  -0.07
363.66  -11.72  1601.69  0.12  3.33  0.23
-283.48  60.33  1287.46  -0.40  -3.05  0.15
